      0/99     9.84G   0.06957    0.9722   0.02313     1.065        12       640 0.0002058   0.07407 4.733e-05 9.441e-06    0.1051     0.145    0.0232
      1/99     10.6G   0.07445   0.05817    0.0231    0.1557        12       640   0.00051    0.1527  0.000224 3.335e-05    0.1044   0.01842   0.02318
      2/99     10.6G   0.07137   0.01195   0.02318    0.1065        17       640  0.001801    0.2278  0.001177 0.0001973   0.09892  0.009932   0.02312
      3/99     10.6G   0.06543  0.007235   0.02299   0.09565        16       640    0.2033    0.1299     0.178   0.06234   0.08195  0.008888   0.02289
      4/99     10.6G   0.05866  0.005244   0.02274   0.08665        16       640    0.4306    0.7475    0.5939    0.2047   0.07197   0.00794   0.02232
      5/99     10.6G    0.0538  0.003792   0.02225   0.07984        16       640    0.3539    0.8719    0.5751    0.2325   0.06801  0.006676   0.02177
      6/99     10.6G   0.04909  0.003178   0.02033    0.0726        12       640    0.2625    0.7664    0.3732    0.1071   0.07381  0.005737    0.0211
      7/99     10.6G   0.04474   0.00304   0.01959   0.06737        10       640    0.6398    0.5921    0.7472    0.3582   0.06992   0.00576   0.01896
      8/99     10.6G   0.04081  0.003134   0.01782   0.06176        11       640    0.5858    0.9191    0.7947    0.4805   0.06639  0.006127    0.0185
      9/99     10.6G   0.04236  0.003204   0.01594   0.06151        18       640    0.3746    0.7504    0.6201     0.218   0.07706  0.006081   0.01716
     10/99     10.6G    0.0411  0.002934   0.01394   0.05798        18       640     0.816    0.8775    0.9113    0.4744   0.06942  0.005436   0.01413
     11/99     10.6G   0.04041  0.002766   0.01095   0.05413        13       640    0.9475     0.978    0.9785     0.442    0.0703   0.00559   0.01315
     12/99     10.6G    0.0373  0.002695  0.009416   0.04941        18       640    0.8495    0.9498    0.8411    0.3961   0.06955  0.005846   0.01185
     13/99     10.6G   0.03921  0.002813  0.007846   0.04987        19       640    0.7684    0.9105    0.8962    0.3551   0.07204   0.00632   0.01207
     14/99     10.6G   0.03971  0.002684  0.008219   0.05061        23       640    0.9468    0.9409    0.9515    0.5347   0.06569  0.006022   0.01078
     15/99     10.6G   0.03698    0.0027   0.00532     0.045        22       640    0.9147    0.8997    0.8994    0.4273   0.06736  0.006226   0.01139
     16/99     10.6G   0.03931  0.002742  0.006686   0.04874        15       640    0.9216    0.9548    0.9258    0.4793   0.06923  0.005704   0.01056
     17/99     10.6G   0.04097  0.002746  0.006289      0.05        11       640    0.7766    0.9009    0.8803    0.4497   0.06831  0.006208   0.01067
     18/99     10.6G    0.0377  0.002755  0.004598   0.04505        16       640    0.9661    0.9866    0.9844      0.62   0.06644  0.005914   0.00918
     19/99     10.6G   0.04034  0.002926  0.006994   0.05026        15       640    0.9282    0.9106    0.9705    0.5073   0.06672  0.006401   0.01123
     20/99     10.6G   0.03922  0.003246  0.006845   0.04931        22       640    0.7439    0.8731     0.912    0.4342   0.07006  0.006352   0.01291
     21/99     10.6G   0.04333  0.003191  0.006142   0.05267        10       640    0.8534    0.7819     0.866    0.3934   0.06869  0.007114   0.01283
     22/99     10.6G   0.04143  0.002898  0.005492   0.04982        23       640    0.8995    0.8807    0.9529    0.4972   0.07517  0.005214   0.01848
     23/99     10.6G   0.03787  0.002776  0.005674   0.04632        20       640    0.9803    0.9624    0.9762    0.5053   0.07218  0.005981   0.01143
     24/99     10.6G   0.03823  0.002997  0.005748   0.04698        28       640    0.9296    0.8832     0.972    0.5466   0.07228  0.006086    0.0148
     25/99     10.6G   0.04051  0.003033  0.007463   0.05101        18       640    0.9794    0.9453    0.9723    0.5098   0.07195  0.006555   0.01072
     26/99     10.6G   0.03642  0.003003  0.004828   0.04425        12       640    0.9597    0.9864    0.9855    0.6036    0.0678  0.005742   0.01216
     27/99     10.6G   0.03508  0.002875  0.005248    0.0432        11       640    0.9751    0.9496    0.9693    0.4877   0.06734  0.006266   0.01148
     28/99     10.6G   0.03697  0.002907   0.00565   0.04552        11       640    0.9719    0.9832    0.9771     0.592   0.06594  0.006184   0.01243
     29/99     10.6G   0.03471  0.002823  0.005033   0.04257        12       640    0.9795    0.9774    0.9686    0.5961   0.06559  0.005561  0.009033
     30/99     10.6G   0.03413  0.002776  0.003785   0.04069        20       640    0.9893    0.9865     0.977    0.5789   0.06743  0.005378  0.009497
     31/99     10.6G   0.03384  0.002632  0.003848   0.04032        20       640    0.9871    0.9865    0.9801    0.5992   0.06729  0.005442   0.01007
     32/99     10.6G   0.03225   0.00259  0.004246   0.03908        17       640    0.9951    0.9911    0.9843    0.6152   0.06525  0.005704   0.01026
     33/99     10.6G   0.03335  0.002589  0.004451   0.04038        28       640    0.9648    0.9552     0.982    0.5898   0.06423  0.005779  0.009008
     34/99     10.6G   0.03436  0.002463  0.003283   0.04011        11       640    0.9926    0.9911    0.9846    0.6012   0.06564  0.005206     0.008
     35/99     10.6G   0.03033  0.002493   0.00238    0.0352        10       640    0.9906    0.9865    0.9795    0.6083    0.0643  0.005453  0.008066
     36/99     10.6G    0.0296  0.002391  0.002163   0.03416        13       640      0.99    0.9865    0.9786    0.6174   0.06468  0.005282   0.00771
     37/99     10.6G   0.02952  0.002313  0.001808   0.03364        19       640    0.9944    0.9865    0.9849    0.6382   0.06395  0.005601  0.008615
     38/99     10.6G   0.03181  0.002424   0.00246    0.0367        15       640    0.9985    0.9957    0.9919    0.6309   0.06213  0.005727   0.00809
     39/99     10.6G   0.02863  0.002321  0.001754    0.0327        16       640    0.9878    0.9865    0.9775    0.6351   0.06196  0.005751  0.007296
     40/99     10.6G   0.03015   0.00244  0.001903    0.0345        23       640    0.9904    0.9865    0.9792    0.6349    0.0593  0.005858  0.007592
     41/99     10.6G   0.03172  0.002327   0.00236   0.03641        20       640    0.9876     0.982    0.9805    0.6116   0.06222  0.005712  0.007325
     42/99     10.6G   0.03064  0.002326  0.002643   0.03561        12       640     0.993     0.991    0.9914    0.6133   0.06324  0.006148  0.007828
     43/99     10.6G   0.03144   0.00245  0.002321   0.03621         7       640    0.9695     0.982    0.9783    0.6309   0.06272  0.005676  0.008244
     44/99     10.6G   0.03061  0.002586  0.002947   0.03614        13       640    0.9982    0.9957    0.9917    0.6204   0.06216  0.005997  0.008038
     45/99     10.6G   0.03123  0.002537  0.003003   0.03677        14       640    0.9894    0.9865    0.9778    0.6154   0.06138  0.005734  0.007888
     46/99     10.6G   0.02877  0.002342  0.002189    0.0333        14       640     0.986    0.9865    0.9794    0.6308   0.05815  0.006165  0.007386
     47/99     10.6G   0.02889  0.002387  0.001846   0.03313        16       640    0.9912    0.9911    0.9844    0.6315   0.06042  0.005626  0.007237
     48/99     10.6G   0.03103  0.002406  0.002405   0.03584        15       640    0.9888    0.9865    0.9768    0.6459    0.0588   0.00585  0.007136
     49/99     10.6G   0.02949  0.002335  0.002208   0.03403        18       640    0.9882    0.9865    0.9779    0.6411   0.06038  0.005541  0.007084
     50/99     10.6G   0.02804  0.002374  0.001672   0.03208        15       640    0.9897    0.9865    0.9787    0.6606   0.06038  0.005578  0.006952
     51/99     10.6G   0.02867  0.002349  0.001726   0.03274        16       640    0.9889    0.9865    0.9787    0.6196   0.06045  0.005604  0.006972
     52/99     10.6G   0.02718  0.002315  0.001479   0.03097         6       640     0.999    0.9957    0.9918    0.6438   0.05939  0.005761  0.007182
     53/99     10.6G   0.02646  0.002107  0.001549   0.03012        13       640    0.9874    0.9865    0.9796    0.6432   0.05737  0.006104  0.007645
     54/99     10.6G   0.02845    0.0021  0.002051    0.0326         5       640    0.9968    0.9957    0.9919    0.6541   0.05804  0.005929  0.007653
     55/99     10.6G   0.02639  0.002269  0.002356   0.03101        25       640    0.9878    0.9865    0.9771    0.6177   0.05764  0.006086  0.007233
     56/99     10.6G   0.02629  0.002262  0.001399   0.02995        18       640    0.9842    0.9865    0.9765    0.6514   0.05848  0.005856  0.007087
     57/99     10.6G   0.02656  0.002263  0.001436   0.03026        26       640    0.9888    0.9911    0.9846    0.6466   0.05756  0.005872  0.006724
     58/99     10.6G   0.02561   0.00224  0.001348    0.0292        15       640    0.9893    0.9865    0.9765    0.6493   0.05727  0.005844  0.006652
     59/99     10.6G   0.02597   0.00219  0.001821   0.02998        18       640    0.9994    0.9957    0.9919    0.6509     0.057  0.005934  0.006673
     60/99     10.6G   0.02638  0.002197  0.001769   0.03034        20       640    0.9894    0.9865    0.9788    0.6541   0.05773  0.005772  0.006658
     61/99     10.6G    0.0265  0.002247  0.001674   0.03042        12       640    0.9979    0.9957    0.9918    0.6558   0.05615  0.006035  0.006992
     62/99     10.6G   0.02635  0.002126  0.001712   0.03019        14       640    0.9937    0.9911    0.9853    0.6581   0.05586  0.006115  0.006869
     63/99     10.6G   0.02419  0.002063  0.001238   0.02749        10       640    0.9921    0.9911    0.9853     0.658   0.05714   0.00582  0.006462
     64/99     10.6G   0.02568  0.002131  0.001216   0.02903        29       640    0.9981    0.9957    0.9919     0.657   0.05335  0.006328  0.006533
     65/99     10.6G   0.02522   0.00229  0.001351   0.02887        23       640    0.9888    0.9865     0.981    0.6666   0.05405  0.006387  0.007142
     66/99     10.6G   0.02679  0.002123  0.001442   0.03035        10       640     0.989    0.9865    0.9798    0.6462   0.05761  0.005996  0.006867
     67/99     10.6G   0.02508   0.00205  0.001387   0.02852        15       640     0.994    0.9911    0.9865    0.6496   0.05536  0.006247  0.006996
     68/99     10.6G   0.02658  0.002213  0.001726   0.03052        15       640    0.9899    0.9865    0.9788    0.6445   0.05484  0.006274  0.007192
     69/99     10.6G   0.02604   0.00216  0.001769   0.02996        19       640      0.99    0.9865    0.9786    0.6709   0.05633  0.005857   0.00682
     70/99     10.6G   0.02595  0.002158  0.001676   0.02979        15       640    0.9876    0.9865    0.9802    0.6598   0.05434  0.006253  0.006767
     71/99     10.6G   0.02482  0.002031  0.001387   0.02824        17       640    0.9894    0.9865    0.9781    0.6652    0.0535  0.006252  0.006628
     72/99     10.6G   0.02431  0.002182  0.001293   0.02778        13       640    0.9895    0.9865    0.9797    0.6647   0.05351  0.006183   0.00655
     73/99     10.6G   0.02474   0.00212  0.001308   0.02817        15       640     0.989    0.9865    0.9815    0.6718   0.05385  0.006102   0.00696
     74/99     10.6G   0.02375  0.002027  0.001073   0.02685         9       640      0.99    0.9865    0.9813    0.6679   0.05339  0.006106  0.006853
     75/99     10.6G   0.02394  0.002098  0.001044   0.02708        18       640      0.99    0.9865    0.9799    0.6713   0.05385  0.006042  0.006578
     76/99     10.6G   0.02423  0.002259  0.001281   0.02777         6       640    0.9899    0.9865    0.9795    0.6736   0.05483  0.005953   0.00621
     77/99     10.6G   0.02333   0.00214  0.001263   0.02674        17       640    0.9889    0.9865    0.9796      0.67    0.0551  0.005871  0.006032
     78/99     10.6G   0.02373  0.002117 0.0009948   0.02685        17       640    0.9898    0.9865    0.9805    0.6636   0.05628  0.005588  0.006008
     79/99     10.6G   0.02395  0.002093  0.001289   0.02734        11       640    0.9904    0.9865      0.98     0.667     0.054  0.005887  0.006114
     80/99     10.6G   0.02399  0.002017    0.0016   0.02761        16       640      0.99    0.9865    0.9791    0.6656   0.05246   0.00614  0.006299
     81/99     10.6G   0.02317   0.00216 0.0009369   0.02626        18       640      0.99    0.9865    0.9779    0.6752   0.05294  0.006068  0.006377
     82/99     10.6G   0.02591  0.002009  0.001285   0.02921        10       640    0.9898    0.9865    0.9781    0.6764   0.05457  0.005893  0.006376
     83/99     10.6G   0.02439  0.002076  0.001691   0.02816        16       640    0.9888    0.9865    0.9783    0.6692   0.05412  0.006061  0.006396
     84/99     10.6G   0.02408  0.002028   0.00182   0.02793        17       640    0.9903    0.9865    0.9783     0.668   0.05338  0.006146  0.006483
     85/99     10.6G   0.02352   0.00216  0.001397   0.02707        19       640    0.9897    0.9865    0.9782    0.6694   0.05484  0.005931  0.006456
     86/99     10.6G   0.02367  0.002044  0.001178    0.0269        13       640    0.9934    0.9911    0.9857    0.6748   0.05271  0.006308  0.006523
     87/99     10.6G   0.02329  0.002035  0.001265   0.02659        21       640    0.9885    0.9865    0.9779    0.6687   0.05478  0.006054  0.006446
     88/99     10.6G   0.02531  0.002041  0.001574   0.02892         9       640    0.9884    0.9865    0.9779    0.6719   0.05471  0.006047  0.006429
     89/99     10.6G   0.02369  0.002086  0.001429    0.0272        13       640    0.9891    0.9865    0.9789    0.6754   0.05331  0.006201   0.00654
     90/99     10.6G   0.02325   0.00202  0.001693   0.02696         8       640    0.9892    0.9865    0.9789    0.6612   0.05324  0.006231  0.006697
     91/99     10.6G   0.02279  0.002016  0.001216   0.02603        11       640    0.9892    0.9865    0.9798    0.6747   0.05209  0.006376  0.006613
     92/99     10.6G   0.02332   0.00205  0.001244   0.02662         7       640    0.9898    0.9865    0.9782    0.6687   0.05249  0.006245  0.006486
     93/99     10.6G    0.0228  0.002102  0.001105     0.026        20       640    0.9902    0.9865    0.9775    0.6765   0.05214  0.006362  0.006596
     94/99     10.6G   0.02352  0.002046  0.001164   0.02673        19       640    0.9899    0.9865    0.9774     0.666   0.05074  0.006621  0.006655
     95/99     10.6G   0.02184  0.002048 0.0009442   0.02483        23       640    0.9896    0.9865    0.9792    0.6721   0.05261  0.006244  0.006557
     96/99     10.6G   0.02252  0.002024 0.0008867   0.02543        17       640    0.9896    0.9865      0.98    0.6764   0.05331  0.006102  0.006464
     97/99     10.6G   0.02171  0.002075  0.001182   0.02496        12       640    0.9897    0.9865    0.9801    0.6822   0.05196  0.006309  0.006505
     98/99     10.6G    0.0221  0.002024 0.0009293   0.02505        13       640    0.9898    0.9865    0.9808    0.6794   0.05215  0.006245  0.006475
     99/99     10.6G   0.02315  0.001963 0.0009778   0.02609        14       640    0.9894    0.9865    0.9805    0.6805   0.05125  0.006397  0.006413
