      0/54     7.35G    0.0512      2.26    0.0155     2.327         1       640         0         0         0         0    0.1129     1.549    0.0232
      1/54     7.43G   0.05199    0.9354   0.01504     1.002         0       640         0         0         0         0    0.1128    0.5575    0.0232
      2/54     7.43G   0.05121    0.4216   0.01502    0.4878         4       640         0         0         0         0    0.1128    0.2974   0.02318
      3/54     7.43G   0.05089    0.2312   0.01458    0.2967         1       640         0         0         0         0    0.1126    0.1684   0.02317
      4/54     7.43G   0.05971    0.1389    0.0164     0.215         1       640         0         0         0         0    0.1125    0.1057   0.02318
      5/54     7.43G   0.05999   0.08439   0.01734    0.1617         1       640         0         0         0         0     0.112   0.06033   0.02316
      6/54     7.43G   0.05317   0.04678     0.015     0.115         0       640         0         0         0         0    0.1111    0.0329   0.02316
      7/54     7.43G   0.05782   0.02795   0.01682    0.1026         3       640         0         0         0         0    0.1094   0.02325   0.02315
      8/54     7.43G   0.05794   0.01895   0.01724   0.09413         4       640         0         0         0         0    0.1081   0.01727   0.02315
      9/54     7.43G   0.05797    0.0138   0.01723     0.089         0       640         0         0         0         0    0.1092   0.01461   0.02315
     10/54     7.43G   0.05757   0.01083   0.01726   0.08566         4       640 0.0002749   0.06667  7.16e-05 1.432e-05    0.1069   0.01268   0.02315
     11/54     7.43G   0.05246  0.008979   0.01634   0.07778         1       640      0.16    0.1333    0.1134   0.02435    0.1058   0.01136   0.02311
     12/54     7.43G   0.04998  0.007997   0.01629   0.07427         4       640    0.2656    0.2623    0.3226   0.08742     0.105   0.01015   0.02309
     13/54     7.43G   0.04395  0.006614   0.01488   0.06544         1       640    0.1678    0.4333    0.2619   0.07378    0.1046  0.009334    0.0231
     14/54     7.43G   0.04461  0.005531   0.01482   0.06497         0       640    0.2841    0.3226    0.2509   0.06369     0.104  0.008969    0.0231
     15/54     7.43G   0.04642  0.005129   0.01629   0.06783         4       640    0.6707    0.4319    0.4375    0.1382    0.1004  0.008617    0.0231
     16/54     7.43G   0.04613  0.004617   0.01623   0.06698         2       640    0.5137    0.6667       0.5    0.1317    0.1005  0.008129   0.02308
     17/54     7.43G   0.04001  0.004216   0.01525   0.05947         1       640    0.5952    0.7333    0.6209    0.2027   0.09751  0.008695   0.02304
     18/54     7.43G   0.04026  0.003872   0.01462   0.05875         1       640    0.4771    0.7155    0.6804    0.3079   0.09741  0.008283   0.02306
     19/54     7.43G   0.04571   0.00362   0.01655   0.06588         1       640    0.4128    0.4951    0.6105    0.2625   0.09781  0.007997   0.02301
     20/54     7.43G   0.04062  0.003271   0.01512     0.059         1       640    0.5022     0.745    0.6504    0.2448   0.09639   0.00822   0.02302
     21/54     7.43G   0.04131  0.003136   0.01594   0.06039         1       640    0.4142    0.8653      0.62    0.2463   0.09339  0.008034   0.02303
     22/54     7.43G   0.03899  0.002954   0.01468   0.05662         3       640    0.4072    0.6869     0.583    0.2265   0.09256  0.007931   0.02297
     23/54     7.43G   0.03563  0.002882   0.01442   0.05293         2       640    0.4454    0.8586    0.6094    0.3155   0.09269  0.007712   0.02296
     24/54     7.43G   0.03259  0.002783   0.01354   0.04892         0       640    0.5981    0.8582    0.6853    0.3202   0.09308  0.007657   0.02301
     25/54     7.43G   0.03507   0.00298   0.01398   0.05204         2       640    0.5724    0.8674    0.7051    0.3922   0.09273   0.00755   0.02308
     26/54     7.43G   0.03215  0.002647    0.0141    0.0489         0       640     0.704    0.7395    0.6633    0.2941   0.09993  0.006692   0.02295
     27/54     7.43G   0.03262  0.002329   0.01407   0.04902         1       640    0.3135    0.9329    0.6292    0.2477    0.1047  0.005677   0.02282
     28/54     7.43G   0.03785  0.002511   0.01494    0.0553         1       640    0.3122    0.9333    0.6386    0.3562    0.1051  0.005353   0.02272
     29/54     7.43G   0.03295  0.002354   0.01344   0.04874         3       640    0.3324    0.7299     0.629    0.3105    0.1061  0.005339   0.02264
     30/54     7.43G   0.03464  0.002191   0.01439   0.05122         1       640    0.7725    0.5333    0.6417    0.3463    0.1038  0.005375   0.02244
     31/54     7.43G   0.03447  0.002101   0.01499   0.05156         4       640    0.7519       0.6    0.5927    0.3647    0.1024  0.005213   0.02236
     32/54     7.43G    0.0307  0.002007   0.01282   0.04553         0       640    0.3098    0.9333    0.5764    0.2805    0.1011  0.005318   0.02227
     33/54     7.43G   0.02611  0.001991   0.01191   0.04002         0       640    0.3258    0.9993    0.6044    0.2949   0.09949  0.005469   0.02224
     34/54     7.43G   0.03036  0.002145   0.01374   0.04624         5       640     0.702    0.7107    0.7305    0.4424   0.09751  0.005704    0.0222
     35/54     7.43G   0.02625  0.002134   0.01257   0.04095         0       640    0.4413         1    0.8538    0.4978   0.09402  0.005941   0.02209
     36/54     7.43G   0.02609  0.002368   0.01394    0.0424         2       640    0.5964    0.8667    0.7304    0.4082   0.09466  0.006091   0.02221
     37/54     7.43G   0.03549  0.002144   0.01508    0.0527         2       640    0.5686    0.9982     0.851    0.5633   0.09114  0.006221    0.0222
     38/54     7.43G   0.02951  0.002164   0.01543    0.0471         4       640    0.5836    0.9961    0.8589    0.5889   0.08829  0.006355   0.02228
     39/54     7.43G   0.03159  0.002146    0.0143   0.04804         0       640    0.6106    0.9328    0.7411     0.453   0.08796   0.00627   0.02226
     40/54     7.43G   0.03862  0.002379   0.01773   0.05873         4       640    0.7211    0.9759    0.9951    0.5428   0.08846  0.006297   0.02206
     41/54     7.43G   0.03278  0.002154   0.01573   0.05067         2       640    0.6657    0.9688     0.984    0.7773   0.08851  0.006253   0.02187
     42/54     7.43G   0.03275  0.002511   0.01535   0.05061         4       640    0.7211    0.9821    0.9951    0.5769    0.0865  0.006486   0.02174
     43/54     7.43G   0.02671  0.002408    0.0147   0.04383         2       640    0.9047    0.7696    0.9951    0.7786   0.08493  0.006361   0.02153
     44/54     7.43G   0.02293  0.002393   0.01314   0.03846         0       640    0.9977     0.757     0.995    0.7503   0.08539  0.006231    0.0215
     45/54     7.43G   0.02762  0.002199   0.01442   0.04423         1       640    0.9961    0.7922    0.9839    0.6976   0.08497  0.006088   0.02145
     46/54     7.43G   0.02696  0.002675   0.01417    0.0438         4       640         1    0.8382     0.995    0.8024    0.0824  0.006169    0.0213
     47/54     7.43G    0.0234  0.002547   0.01381   0.03976         0       640    0.8878    0.9188    0.9395    0.7549   0.08351  0.005995   0.02123
     48/54     7.43G   0.02181  0.002256   0.01328   0.03735         0       640    0.8883    0.9127    0.8845    0.6224   0.08549  0.005897   0.02116
     49/54     7.43G   0.02277  0.002414   0.01356   0.03874         1       640    0.8317    0.9272    0.8292    0.5646   0.08535  0.005806   0.02104
     50/54     7.43G   0.02144  0.002297    0.0126   0.03634         0       640    0.8317    0.9288    0.8292    0.6003   0.08391  0.005836   0.02093
     51/54     7.43G   0.02096   0.00241   0.01254   0.03591         7       640    0.8272    0.9654    0.8292    0.6486   0.08259   0.00591    0.0207
     52/54     7.43G   0.02053  0.002166   0.01223   0.03493         3       640    0.8749    0.9526    0.8845    0.6552   0.08426  0.005916   0.02061
     53/54     7.43G   0.02161  0.002355   0.01291   0.03687         1       640    0.8741    0.9547    0.8845    0.7288   0.08215  0.005968   0.02048
     54/54     7.43G   0.02186  0.002263    0.0125   0.03663         4       640    0.8182    0.9525    0.8292      0.67   0.08313  0.005925   0.02047
